1483528632  3   1   Wed Jan  4 11:17:12 2017    501040002   4
1533528768  4   2   Thu Jan  5 19:17:45 2017    534040012   3
1483528632  3   1   Wed Jan  4 11:17:12 2017    501040002   4
1533528768  4   2   Thu Jan  5 19:17:45 2017    534040012   3
1483528632  3   1   Wed Jan  4 11:17:12 2017    501040002   4
1533528768  4   2   Thu Jan  5 19:17:45 2017    534040012   3
1483528632  3   1   Wed Jan  4 11:17:12 2017    501040002   4
1533528768  4   2   Thu Jan  5 19:17:45 2017    534040012   3
1483528632  3   1   Wed Jan  4 11:17:12 2017    501040002   4
1533528768  4   2   Thu Jan  5 19:17:45 2017    534040012   3
1483528632  3   1   Wed Jan  4 11:17:12 2017    501040002   4
1533528768  4   2   Thu Jan  5 19:17:45 2017    534040012   3
1483528632  3   1   Wed Jan  4 11:17:12 2017    501040002   4
1533528768  4   2   Thu Jan  5 19:17:45 2017    534040012   3
1483528632  3   1   Wed Jan  4 11:17:12 2017    501040002   4
1533528768  4   2   Thu Jan  5 19:17:45 2017    534040012   3